0: 20 11 11 11 9 11 0 0 11 0 10 1756
1: 1 0 0 1 0 2 1 1 1 1 9 1757
2: 1 0 0 1 0 2 1 1 1 1 241 1757
3: 1 0 0 1 0 2 1 1 1 1 1735 1757
4: 1 0 0 1 0 2 1 1 1 1 921 1757
5: 2 0 0 2 0 3 2 2 2 1 748 1757
6: 1 0 0 1 0 2 1 1 1 1 523 1757
7: 1 0 0 1 0 2 1 1 1 1 565 1757
8: 1 0 0 1 0 2 1 1 1 1 1255 1757
9: 2 0 0 2 0 3 2 2 2 1 882 1757
0: 20 11 11 11 9 11 0 0 11 0 10 1903
1: 1 0 0 1 0 2 1 1 1 1 1099 1904
2: 1 0 0 1 0 2 1 1 1 1 1867 1904
3: 1 0 0 1 0 2 1 1 1 1 1571 1904
4: 1 0 0 1 0 2 1 1 1 1 871 1904
5: 2 0 0 2 0 3 2 2 2 1 1176 1904
6: 1 0 0 1 0 2 1 1 1 1 1341 1904
7: 1 0 0 1 0 2 1 1 1 1 825 1904
8: 2 0 0 2 0 3 2 2 2 1 1882 1904
9: 1 0 0 1 0 2 1 1 1 1 1143 1904
